1575121497 737
1575128082 773
1575128136 773
1575129414 825
1575129864 865
1575650240 893
1575651216 919
1575987363 1393
1575993180 1581
1575998288 1800
1575998784 1800
1576074564 1800
1576074663 1835
1576085018 1910
1576153680 2042
1576164406 2310
1576168203 2564
1576181045 2756
1576236034 2756
1576259492 2853
1579101104 3832
1579215033 4923
1583238501 5153
1583238506 5153
1583318557 5675
1583505836 6715
1583863154 8633
1583922669 8755
1584092503 9968
1584110353 10477
1584186455 10834
1584389741 12309
1584405964 13145
1584527737 13728
1584560817 14815
1584573383 15589
1584697407 15818
1584835433 16848
