1575121497        0
1575128082        0
1575128136        0
1575129414        0
1575129864        0
1575650240        0
1575651216        0
1575987363        0
1575993180        0
1575998288        0
1575998784        0
1576074564        0
1576074663        0
1576085018        0
1576153680        0
1576164406        0
1576168203        0
1576181045        0
1576236034        0
1576259492        0
1579101104        0
1579215033        0
1583238501        0
1583238506        0
1583318557        0
1583505836        0
1583863154        4
1583922669        4
1584092503        4
1584110353        5
1584186455        5
1584389741       13
1584405964       13
1584527737       13
1584560817       29
1584573383       29
1584697407       33
1584835433       33
1585076007       91
1585227650       98
1585231916       98
1585248245      106
1585300534      106
1585350496      106
1585493498      115
1585602013      115
1585604188      115
1585827165      139
1585909611      145
1586181067      145
1586271418      145
1586298638      145
1586381305      145
1586381376      145
